7983182993513675
0778204857545249
3951503420871014
2017963363483355
5428755805066089
2947092316699565
9765243502680813
4282080450513243
5728876614090082
1934445595407994
6538053569076383
8939897086918263
8738840221909828
2832872581223286
6553623212028697
4547108258736918
3070055770546304
9384169871270130
3740538609458049
7423407838738381
8250377331885174
5730738590958542
2701278344597001
9455200252919987
2035207675290005
9062881704180657
4756153546929674
7859446910525943
3327839969467095
2531981063449559
4899771036527960
8265540398338135
1964892623761969
0788786111869057
0247167993703620
2183776872834724
8028874307393413
0427226485397884
5520641396914183
8965170824920225
3524768295805522
6108452963920197
8537748245062205
3314796064685724
3926272716466067
6933017742627221
1112272302580139
6418651661933655
2377264098352051
2776477130111483
7012888320265610
7502834770397863
3470488385242040
8150135653422819
1080665667781508
0537163724447763
6765505374313152
8581557564528118
6617907137430999
6512431487295540
5028276625898676
7006587115215975
6314849693957350
3535931047000356
6914459130309935
4568324115680005
2368979337141466
8887070592934221
3896498144684668
6086160442197365
7066672196830781
9811399355870614
5847596685065209
3471561376481697
1083192382779552
4068181720277789
7517004845295621
7747686005629070
3391127007639280
3019455955443088
1742925590435248
8872118780053906
0568420721328969
7937372387572889
8696637533994414
5836450322408292
7784377358660669
0381848633117288
7325505694507049
7275844960430505
4522514751576678
4952488948430659
8798320617080498
5108813648285745
2859488379274979
0979029484910807
8016353387818914
5564070886467830
0009044632827044
5794552969169299
9249880734567085
5616582487610111
4828079072310701
6987652608215952
6311692870449647
9706851340349020
6585001570545600
5397059234653461
3162262526310615
9726234085936514
9782798699525985
7151750241640860
8804981855599465
9200151517185681
2113144345195362
3764509510529722
0644789565789665
4854392029311371
3436143504380308
4840180101883415
5932051361422996
4203865639458369
9803573063318779
0038804515125005
0078297348346197
9341236677858524
1953572352620408
4307169733465901
2482214855201383
8278249856347585
3838446267996561
2152004032528176
7533603931271601
0894116109371795
5486920854469235
7425896304310673
5488091914018961
2293074285651437
5738556019928471
0165858476049262
6610727285124482
2869034984595270
5107882942292504
1060886822916875
7323695588650920
5313766262939428
8620164556792584
6070252704753949
8339215246572174
4522585469835775
9371417628544200
8544970331455568
8475772500505078
4925229974366575
8765798879703310
9575272962410706
9032096829509923
0026901678691277
9521430837590861
9126634043044679
0296875532914778
9280299434583327
6205504872581778
6691795543022982
7362601541816929
8394978879547348
9058539541609587
3938120848080598
7931832202085998
1117997988785530
7728691305573684
6924946464757437
8288998043246996
0055689785971928
9197446277576187
3718022151371697
5801349419901779
9284742079363771
5860617383659004
3349005204469637
2841755482696763
9360406463630506
7317954345262936
2309186713673516
3460694696467240
1705571222308456
9001634899117598
4991355948722286
8545861231875878
0892154139164675
8246900415774023
4021859006380979
0711895609253026
1306617539456703
4541599842422249
1325462573672793
2027099728492503
9673570283781860
1928433489223526
0602238257159756
0288704486319033
4674037003930871
0907378625698908
9741178144940861
2113169837977972
3537906495318082
4632037710493984
0952125285162893
8306284283094566
0089341421665018
5205134951724440
9839227389240930
4211418966174287
1928333865553513
9816263853960379
4760263571899933
7171395182571803
9590684347901800
8855815267345679
7810980929999372
7399892713666843
8139324285881840
5470169411973888
7108228938935851
8552422520338019
5701901733220649
9130949808892755
2123563891280846
2377613380627761
6583800199279587
3204246839661073
0344821629013865
8482624162510068
7397477110557052
2017875847988061
2599177884384608
8823880649996399
5917201754870725
1254942979236047
6807220898100187
4511400700420118
5521355805037589
4457948143161353
1044540849837935
8921115008156338
0239131738699207
7698004222285403
0515917731113742
1385056998825507
4700021534578506
0879102470816442
9343637148109239
2288511855738439
9158005839552132
5347751930748213
4640810840638927
0011031739137031
8122174205360448
0608305412595482
0991113610323874
5914545424702061
6770048272040013
7801868282479405
4950284900397293
8527542353915432
1875445220912099
3248091804091932
6103354784751627
4454403893545853
8712979239049072
8126320217145784
0171828328409848
3044262418234166
4790038928122497
7452231079017888
0595865144138515
4625554110135077
4306846096050513
8526666242255718
8534702066595900
3095305409720523
1503507204824213
9778311888372064
2427304561440952
8256087602475044
4582719818656578
4926306532659897
7860517387171342
5183206083087951
1024854698142594
3045912016770979
0032371177794072
8647334844890818
4481253274012625
4326681031630960
2922632403545372
8488757788937072
7110885464746957
7200265184951675
7045133563840644
1493472108469438
6339871289057021
2990683786183198
5332752981645854
1238766313241379
2460694062284493
8118626391529427
3991222228234210
8735047246766396
5509522278735794
9590940699209353
0096982596140517
2496547113402904
9740244003472921
4257117894734595
1079622550057564
7263950731483918
4643789275235779
4632143226589303
6333711575388397
2135054861031327
5319310792768511
6763427931462623
0708719467340529
3429748258717107
8932455128383217
7088380391203472
7215424919187850
7962471670471717
8693930397778890
3162131530424403
7817110817771331
8804617794407210
0777052603894291
2629892703930709
4832635517448740
4258690547356291
7622957831504029
7706380866710286
7811494940959868
0309765932221407
0456311692195272
2458121204102769
9575845032862947
1437870782974327
7185387302728728
1279447292982011
6248319978438736
8963940727759496
3427487660429138
6271763814774366
6862941221574422
3557495320433880
9175765337518976
0761910686801154
1217536047791772
2018492969676543
1069606612896461
5296752180172677
1800139083914272
7419119816544691
4363005924742151
2209848321781369
7410682176457917
2071461914883864
3864726122901713
9860045136774199
0898260013069696
1449841746652228
4075762237978960
7637255022664178
3745320624787438
4118361794589472
3933404859370733
0279288852999064
0291843428054916
2628594916878278
8470011317871545
7638562351682189
0796795879200573
3650502462304868
6537457491463407
8087518045351876
9032810458660470
3131664572679196
8423705685231223
8777338606870539
7480843478203238
3434918408526158
9177003426559774
5510332814696866
1495065609002189
2628467023852987
1036097595955864
0186815067677833
3778908572764399
0031676800336718
5004066603956795
7640481173691315
2133390705779154
8022399380833931
6169951388077006
7538978445454915
8361320502685023
3171427014421741
6122661770467962
5045940534838808
6225926894416249
3541952733125187
8855386971109121
9752422021586468
7524995519878951
0437985831976079
1342776470963251
5448412039061833
8095850610413620
2520268519716831
9038142535332731
3444697771245390
2151595987856657
7837669553935162
5621131423700183
0271822176125792
9893816684512885
0274208438533298
7324435734454820
1516994086212793
5298223592164158
9570298085656968
3427494252437958
3183608542689573
9759368461597507
0011358739582656
8462524716287604
7536857731956790
7176729855190476
2012807154864941
4834434379358416
7884921899046777
1969932693638339
7534738970157133
1789574543581055
9225115054359332
9323442133132539
1675933526104505
7638825901054925
0575847482348700
9697734816742761
4753178292238898
1116243765231674
6645860255748053
8573929737896708
0270999915381181
1664829527699111
4888604945728282
9347343134592353
0758108839440860
3538715986037124
8260516743586764
8946679810007174
3647072284528702
4033487671621643
9657763663603926
1688380717913539
3089768389550312
7691660104309221
2785788198623112
6160291532259514
5895900682505655
7323342604245250
3154000513267909
4062144591403126
8335708892029890
7128361758366908
3314317963610526
7240485704791935
4875327658025707
2384028172332783
6111222694397191
7484482001228090
6864081270603279
2716676818725279
2083697561545859
7268758025663604
6191918764440171
6622370987477192
8629318356596736
5649184549679356
8262183814345175
2443552706906820
8480692889894914
2764908037992823
9414853359156991
5016114584156700
7424097903777819
7693055145153887
2682441101609289
5831305231564843
3681312862727300
6563012162968349
1698619861655785
4230865226642371
5772706649426972
0562354002813738
4123799503102139
8777885671942392
8214738627267738
1875249540208659
1298801612442266
5097913915105046
1694577795172738
9676703754498697
7786645255222424
2658615619831333
0790722507852207
1427901794106395
0358454160767746
4731212903356002
7404748555602628
5667789627947208
8304605493818250
6417455387559842
3918440783042723
7123952452152347
1473938211617828
4103577624382598
9632266379726630
7279912332980518
8641060227168196
5927963962526385
1463326350110462
9001129534995623
9988699530548556
7802506360441122
7770265541282323
3780473434418620
6211991167644358
8452489893281398
1748061783885480
7230544926599150
0324659683616760
1824891284698633
0096327994150828
2422804259845999
7960084733658923
7863597392371574
8021151367211890
2031709459549096
6650087730852805
3311968306305705
2315447961865004
3942303899046738
9817494037145675
0062815983588023
1430651384187956
1506736039071381
6338520802796233
4532293718775193
4387216419249774
0359954496586523
7433744584036309
1189956985414273
7555273513616764
2031588326981020
5695388709294034
5111058669553734
7272888346723655
7243551678402952
8103654503366767
7612472824002614
3593691932924529
2980445649762035
1689589315941760
8211376769487149
6197808811376029
3125561205330694
4217105891629101
2978164889499130
9091609034157763
0205377770918058
6421645264583477
3785491253051645
4339626934147336
6663720788329259
7648165357847235
5709178927249203
2851010983909843
1428605399757261
2898097088709360
8509274311723189
5770694922062112
7122991376125282
8532249948169869
8064122142593719
6185485632601817
1838309785162104
2633107493169510
1868279449911176
5521513931753397
0842548108003012
4025122593905370
7890739848121785
1770573311523298
6876830791607928
5110043185513953
1464551342413802
6007847386651834
6508864329873369
1534332487845068
6461928095747670
4276641729873263
3713822494076628
5579766540933793
1935982867385108
4124160054935359
5885486103333269
2461678915523312
6628587059017195
0362093329816636
5758110186389634
3482271319573390
7515942511980782
5811158184616086
2027077877593366
5466058437943644
8175742418733067
7172442080194319
4933970244912550
1320385596754639
0758333963857223
0861683172934972
3870263769311886
1958837139299971
6592318010446397
6804480046236392
1154225457040750
0536029294844431
2701082701716932
3718167756214195
3490461872141148
5187199825674178
5812456615652583
0592816885269565
3392889833575316
8727681498976589
9336922196851807
5958115348483329
7676253453381233
5743741419946719
5085740666928416
1285372276118467
2489996992869010
1957663611513944
9560795528562700
5663136291414691
6762672021915132
4936865047446080
1615844647676144
9218834114588134
5562557560127959
6232336218730956
6772938469709850
2859816269107180
0045885555201875
5053347805378077
6979602169135470
2028194570760986
2018444143909935
7831402485114525
6568350751331350
3970127912643400
8703535783485781
9528621445533431
9416767199135160
4862767120982323
0908851425479189
3791154516506782
5146510061027742
9751767760308984
0044633806874353
0683275821099249
6427305704651489
3369810645619782
4011558639044668
2488754182777540
6868271310983580
7873560855908043
0406287012845242
0168152322972857
2791678941795093
8444373815384949
7805111800353400
6405146441949907
0396738601703963
0582899313207730
5545676815061638
3983919395451322
9589615471378541
4820781293727303
4907782087852415
4350745443851147
7670787193593365
9510750926464950
0196422363428474
5396782007986281
3878746523934818
9913430012439666
0935971364813874
6464348815486949
8321226706449638
3412094726812873
5746881358492167
1596534475168458
4968213096083431
9537432558786682
0745918196499768
1415134514332272
7179571544932347
5606411368721767
8412440279495796
7247369692138824
4655932998105874
3359112573081745
1999224838002472
3629375376746332
2851779586754911
0788712416862766
6711357274464359
1974231691909918
6575929035818792
6264878136205368
0193861142707611
1398962183944320
7140840658759303
1646054090510171
7169617224759910
9146854936146230
0996337452397624
7560574474699949
2475666363451243
2608276330940943
2793573324375894
7507513628181682
6463449623685487
8302539126792726
3157964999632410
8069688880379760
9965972675324324
8093459136129796
5333603071080304
5924181113312764
6464594341898492
3341978619539419
5602903374865740
2490114276526177
1520760445016983
6179286771533021
5602433280691498
1263378542741992
5646805214700441
4268211284232710
6675298685587815
1112622837070958
4407443110020430
4149731010893883
6553582297639970
0338202500853157
7836422581380295
2568408833581022
3630905319104206
7065057222794443
1111131401910310
5631205376031945
4776468423375031
8666042019696584
7746488295514058
5750905456225723
7476100196404450
1345860681258014
4194145121459138
0282732898004644
7422607368438003
9560248517766650
5707541493001573
7705323901091709
2355004003428815
7126908378020763
1400681410708317
7221730888652781
6212003111961928
6948608588495496
1788985650945155
6628825516982375
4160146742313110
5554201294707024
4786156454378549
4393512846545695
3344888348780050
1611342825169445
2170347160700001
6617167592732073
1319484375636510
3676153303166809
3782342831659781
6879411479107237
0683024546713762
7558064469152427
4291791139474807
0512964445674430
8922655073202261
8883279163271934
4864585837088085
6034132892417286
4547944440538177
0035392969888943
2332204837139438
1664248936619558
7810666818131318
3282170788884019
9212072104963958
6748871149175686
3275234426702145
5681647434725166
6409516205399999
0322379008407997
8051107685539231
4927068685566021
7584208668486919
2736924347478817
6756106381757019
4089576178774649
1533038783463768
3802197902490129
7827780762529036
8576189610252507
4327489869818775
4603840658876357
0490580494418400
0996433502976750
7104273057015943
2770899437237158
3269896864142421
2158210241734210
5625744943122348
8165434908028414
1091016133752521
5977782683167726
5259444979569305
5855115424193946
0473147380378092
6735776180828941
1072907934727829
2920079339198777
7377051387951391
0531195360833965
4340237027417945
7427589617531057
2104716730846371
7970001878201569
6329525417647050
6158572282245291
1018173610748694
4280905499954732
8317871446836876
4541068541074029
4902636427641307
5863597796970104
2959872912823692
8629060258235045
4421451121040545
4554871417091759
4891524155496700
5037900633225552
3922001883764777
7102331070244918
4037786721221698
6764960752161342
3727696144037661
8168131726863181
7672296271408494
7675813298365627
5949579840533844
0264778437607220
6516523423942369
0169205560540972
3443763864723914
1146493165498768
8440253485140673
3726549282059237
0433673364322594
1142829851866490
6326650917543901
1042890113640397
4439395414467689
8115665761247065
9523011240123928
0307722491602093
5009123997310733
9340462877122270
2695429422512117
0504065417827827
9217794212458678
0492447738015217
3805749668061703
8478257610040941
9193790485129419
2752262148297949
9226668696260672
2948308820142599
9944526391585053
9038730475534317
5291310140496127
4973067656902640
8891619805131254
6356007105117253
9680600045113148
1129388944955030
2102295436588793
4749500620611573
3163409768306702
0652413194908385
4967695967395945
0064668827317016
7529075183730202
7659521627424372
7309620835354197
5176762741167778
9179065917600663
0899798556245311
4991505370714675
7921175444403902
2155840952087537
3100523028465050
5264480408693474
6960977848109736
3599475343636661
9320477892445641
1781508470349310
5901337152721532
5945229936207411
1937798309741856
0151189917473022
1352192353082985
7010127877140257
1889003610167030
3811886771177532
5257837168616121
1164679392265827
3783234925026696
4290305737791560
7598149080720631
4150304508293195
3565856031106718
1705928853144079
3473339580566748
7345702094116852
4486116641289564
6731092325304224
2251421257683716
8900425065550588
9377164148459729
7550532654230664
0576309908782811
7090735394822342
8550832924977204
2864767792105575
2682919167069421
2447888721335603
4179739715657333
4137515890747259
7899221567303818
6523400555913827
9165130641916478
3096880900491655
5229769644084410
7591426023424829
3552199126809576
9245775239194132
2418669171641947
0532920841891478
2227277083933160
1759263175370231
3187659927662174
9922381353643922
4483799608556490
9002990925231898
2766671600214915
9587783486897170
2275691445466889
8089729491128085
4001917354194434
7043043352164462
8141719114881516
0793653515325977
5516247632993272
3759481203339047
5948042250107807
0543684346143754
1714508162162938
7084514107459022
